10,311
10,27
10,195
10,87
10,235
10,269
10,263
10,157
11,7
11,25
11,29
11,17
217,3
11,21
11,5
217,1
9,5
191,197
191,3
191,1
161,3
8,8
8,4
161,1
149,1
12,2
148,3
12,1
148,1
12,3
147,3
147,1
142,3
142,1
137,3
137,1
135,3
135,1
133,3
133,1
130,2240
130,361
130,360
130,22
130,16
130,15
130,13
130,11
130,10
130,8
130,3
130,1
127,130
127,129
127,89
127,88
127,86
127,85
127,83
127,81
127,80
127,78
127,76
127,75
127,72
127,71
127,70
127,68
127,66
127,64
127,59
127,57
127,55
127,54
127,52
127,51
127,48
127,44
127,43
127,41
127,40
127,37
127,35
127,34
127,32
127,29
127,28
127,27
127,21
127,20
127,16
127,15
127,14
20,2
20,1
127,13
20,3
127,11
127,9
127,7
127,3
19,2
127,1
19,3
126,66
126,21
126,1
126,10
126,7
19,1
11,6
11,1
11,4
11,3
11,2
